"V1" "V2" "V3" "V4" "V5" "V6" "V7" "V8" "V9" "V10" "V11" "V12" "V13" "V14" "V15" "V16" "V17" "V18" "V19" "V20" "V21" "V22" "V23" "V24" "V25" "V26" "V27" "V28" "V29" "V30" "V31" "V32" "V33" "V34" "V35" "V36" "V37" "V38" "V39" "V40" "V41" "V42" "V43" "V44" "V45" "V46" "V47" "V48" "V49" "V50" "V51" "V52" "V53" "V54" "V55" "V56" "V57" "V58" "V59" "V60" "V61" "V62" "V63" "V64" "V65" "V66" "V67" "V68" "V69" "V70" "V71" "V72" "V73" "V74" "V75" "V76" "V77" "V78" "V79" "V80" "V81" "V82" "V83" "V84" "V85" "V86" "V87" "V88" "V89" "V90" "V91" "V92" "V93" "V94" "V95" "V96" "V97" "V98" "V99" "V100"
"GLOCAC" 19 13 15 24 22 17 24 14 28 35 20 11 24 39 20 16 19 19 21 19 17 24 30 49 48 18 16 10 9 27 17 19 19 41 15 19 25 21 25 28 13 18 9 31 22 22 35 51 38 27 7 26 35 36 35 34 43 35 26 30 8 10 35 36 31 20 34 22 17 42 7 9 19 35 24 43 36 33 31 29 13 16 37 35 31 22 18 13 18 18 7 20 63 37 35 15 11 17 20 8
"MICHCO" 2 0 0 0 3 1 0 0 2 2 0 0 1 1 0 0 0 3 2 5 1 0 0 0 1 0 0 0 7 6 0 0 1 3 1 2 1 0 0 10 0 0 0 1 3 0 2 7 4 0 1 0 0 1 3 2 2 5 1 2 0 2 1 2 1 1 2 5 2 6 1 1 3 5 6 6 7 4 2 7 0 1 5 12 17 15 4 0 2 0 1 4 10 5 5 3 2 0 2 0
"CASTCU" 47 5 9 43 37 58 79 41 53 47 15 3 34 41 49 50 107 139 35 62 10 5 27 85 99 122 20 3 32 73 16 2 46 182 123 62 10 34 41 68 19 23 129 135 91 47 38 31 101 24 19 60 203 145 61 10 50 90 37 30 8 26 65 68 23 13 47 92 44 98 10 6 23 102 24 67 112 53 35 76 13 37 68 58 110 84 57 22 23 17 3 44 114 122 92 45 13 22 30 12
"MYRSSE" 166 3 0 6 20 8 24 1 0 1 5 2 2 2 6 8 12 67 2 3 0 1 3 71 40 122 10 0 5 18 3 1 3 230 163 51 2 3 12 3 1 9 118 472 133 11 8 7 11 0 3 64 343 259 47 0 20 21 0 4 0 10 23 20 2 1 11 7 5 4 0 0 6 22 4 5 10 6 19 39 0 1 4 12 10 4 2 0 0 2 0 4 9 25 2 1 0 0 1 0
"LITSAC" 17 11 41 57 28 19 21 7 9 8 21 18 74 25 24 21 26 54 14 12 24 27 36 41 38 45 25 11 23 12 42 23 28 49 40 21 19 38 48 51 30 29 22 26 19 20 54 91 126 32 27 13 9 25 33 19 72 89 50 53 11 20 31 57 20 28 64 90 78 143 14 19 35 66 25 62 68 90 77 163 22 53 51 47 59 41 33 53 54 36 15 24 54 79 79 43 44 65 46 29
"MACHTH" 54 11 17 32 31 25 74 24 19 23 13 8 26 54 42 29 59 71 19 24 9 5 27 74 68 63 27 6 17 29 18 13 43 90 67 45 15 17 26 32 15 27 69 63 100 31 31 23 41 18 19 38 77 92 52 12 47 39 15 18 19 18 38 35 25 24 43 67 28 39 13 18 26 42 20 43 48 38 30 44 12 22 31 33 37 32 26 19 25 8 5 26 45 42 33 21 17 13 17 8
"BLASCO" 204 223 216 328 393 551 216 403 521 524 268 170 416 243 373 549 332 385 304 487 323 320 370 302 225 331 373 204 350 291 352 299 364 122 293 513 274 237 439 350 379 289 143 54 112 346 145 300 181 376 437 279 31 72 141 188 206 225 260 224 260 292 156 370 398 228 167 271 132 342 234 200 364 438 327 352 497 369 236 495 328 334 362 217 119 218 313 291 194 252 193 370 347 171 400 308 330 247 239 184
"PRUNPH" 27 7 7 5 4 7 8 2 0 2 11 13 16 9 6 5 6 11 8 10 6 7 29 13 9 20 19 2 4 17 7 10 15 23 23 19 6 1 14 2 12 27 11 18 15 11 13 13 19 5 11 39 9 22 24 11 9 22 4 11 5 20 34 9 22 21 18 10 14 19 1 5 9 20 13 15 16 24 19 6 0 5 5 6 19 11 14 30 18 18 0 5 3 4 6 18 12 19 7 6
"MELISQ" 49 5 10 25 20 15 46 11 43 47 18 1 29 36 31 25 47 92 28 53 1 3 30 84 74 43 19 5 52 48 12 8 24 95 116 40 4 17 24 50 22 13 93 141 82 20 36 31 46 6 17 26 156 86 38 5 33 50 30 16 3 23 54 60 20 25 24 37 26 76 2 7 41 76 53 86 50 33 24 60 8 22 48 37 53 53 38 31 21 13 1 23 46 74 48 29 13 13 17 8
"PYRESH" 36 10 12 43 32 40 74 18 20 20 26 0 18 43 15 37 54 76 21 41 7 4 28 109 67 115 21 4 32 28 21 7 28 131 159 48 7 12 23 47 24 15 192 275 154 31 15 46 40 4 23 54 383 213 79 18 43 63 32 9 12 42 78 51 35 24 57 77 35 47 3 19 41 102 30 43 62 52 53 57 9 41 64 57 79 47 43 27 21 15 0 36 67 80 67 51 18 9 19 10
"HELIFO" 45 149 204 235 215 177 67 71 69 139 185 168 207 84 159 152 124 64 141 142 208 275 215 105 133 115 109 147 159 101 196 202 181 73 95 95 157 191 196 102 304 186 65 24 29 225 210 198 205 177 284 144 12 61 153 233 223 193 197 93 261 239 195 367 417 223 254 209 156 185 461 385 369 298 320 192 231 340 195 160 387 346 288 251 250 231 263 299 274 254 286 302 326 162 347 166 259 340 182 196
"SYMPGL" 58 11 4 3 12 21 13 1 6 11 11 4 4 4 6 10 11 23 8 28 2 2 7 21 42 28 2 3 24 17 2 2 17 24 28 16 0 22 18 43 2 6 5 19 10 8 24 55 44 4 3 11 12 14 6 7 21 38 18 12 6 5 5 6 5 6 19 71 16 46 4 4 13 30 28 23 20 45 24 42 5 29 40 34 47 14 14 21 13 7 5 50 50 46 14 16 7 11 15 8
"LIMLUR" 22 8 3 7 13 13 15 11 17 15 13 4 20 17 6 16 23 23 8 20 10 15 10 36 34 42 10 3 28 36 12 10 12 45 40 15 4 11 9 20 12 19 42 41 41 15 12 15 23 5 16 26 37 30 28 10 13 21 14 8 10 21 25 23 19 18 19 20 10 21 12 16 24 39 23 14 17 19 11 30 8 21 22 36 34 21 21 16 12 2 4 17 26 36 19 23 18 10 5 4
"ELAEJA" 43 2 1 8 8 9 27 3 6 7 5 2 3 16 13 10 34 32 5 10 1 2 4 28 32 59 15 1 6 20 8 2 7 55 64 23 5 6 7 7 7 9 40 70 61 13 7 9 15 2 5 34 105 82 34 0 9 10 7 7 2 13 19 8 4 4 9 11 3 12 3 5 6 13 3 10 11 5 3 16 6 7 8 8 7 5 8 3 6 3 2 9 16 14 6 2 1 2 3 2
"ILEXRO" 9 1 4 0 3 0 1 0 1 1 2 2 3 0 1 1 3 3 1 0 1 0 3 1 2 2 0 0 2 2 2 1 0 3 4 1 1 1 0 2 2 1 2 2 1 2 1 1 3 0 2 1 0 3 2 1 6 3 3 1 2 1 2 4 1 0 1 2 2 3 2 2 6 0 5 2 5 4 4 3 0 2 5 5 3 4 2 1 2 2 1 3 2 2 1 3 4 1 2 0
"DIOSMO" 38 2 2 9 14 11 34 6 17 32 12 2 2 20 7 10 20 23 18 27 1 3 7 49 30 37 3 0 11 39 14 3 8 64 72 12 4 14 11 13 11 5 21 75 36 11 18 37 35 3 7 15 93 67 21 24 113 82 19 7 6 10 19 49 15 35 50 47 17 33 2 6 14 49 16 38 80 22 18 45 4 22 41 36 28 36 24 8 6 3 0 20 62 27 18 7 3 2 4 2
"PASAHR" 4 5 5 38 30 36 26 29 34 41 8 0 10 27 29 33 23 31 25 22 10 2 19 43 17 29 10 3 22 19 10 6 27 23 19 10 18 25 28 31 11 11 22 13 14 16 28 40 47 9 8 31 14 12 30 16 15 27 15 24 6 4 5 5 30 15 13 22 25 56 4 0 3 2 2 4 10 6 13 35 4 7 3 5 2 4 6 3 12 11 5 12 20 5 11 11 10 13 10 10
"CYCLLO" 10 1 4 6 11 3 14 4 7 5 2 0 8 10 4 5 17 30 10 8 0 0 7 34 26 32 3 2 7 20 0 1 2 26 39 19 2 7 12 15 0 0 14 42 17 10 10 22 26 7 0 11 38 17 18 2 12 22 2 5 1 3 10 2 0 6 8 23 4 20 0 0 0 0 0 4 4 15 10 21 0 1 0 0 1 3 2 2 4 2 1 2 6 4 1 1 1 2 3 6
"ANTIJA" 6 1 4 10 9 12 12 7 3 6 6 0 1 8 5 7 30 22 4 11 0 1 3 12 30 34 6 0 18 7 3 0 10 45 44 17 2 5 7 7 2 4 13 30 15 10 12 8 9 1 4 7 7 17 4 3 10 14 12 4 1 3 5 10 5 3 21 12 7 17 0 1 10 36 22 23 30 14 10 22 1 8 37 32 28 11 6 4 8 2 0 13 21 39 18 10 6 7 5 6
"RANDCO" 70 9 7 12 19 7 27 5 5 9 16 14 18 7 8 19 36 44 12 11 3 7 17 39 39 53 13 4 13 14 13 5 17 57 77 30 7 7 16 5 18 17 43 71 48 12 32 15 24 5 21 49 108 85 43 26 17 27 10 6 6 13 35 28 20 17 17 18 13 19 6 12 18 27 19 24 20 24 16 24 1 4 16 16 25 15 13 8 9 6 1 3 11 11 10 4 12 11 6 5
"DAPHGL" 12 1 0 1 10 3 19 4 7 9 2 0 0 5 3 2 30 25 5 5 1 0 2 33 7 22 5 0 8 7 1 1 4 35 32 10 0 2 2 11 2 0 36 38 24 5 1 4 8 1 1 8 53 34 10 1 5 9 2 2 0 2 11 8 2 1 7 11 2 12 1 0 3 9 3 6 8 2 2 4 1 3 1 9 12 1 0 4 1 1 0 10 7 9 4 2 2 0 1 0
"ILEXFO" 2 2 6 8 4 1 0 1 2 8 7 6 10 3 0 4 2 3 3 0 8 12 11 9 13 2 0 0 3 3 9 8 4 6 8 5 5 1 2 3 14 7 4 4 2 9 13 8 5 1 11 8 6 3 9 11 20 22 12 5 6 13 23 32 18 16 16 14 2 7 7 17 46 37 23 26 10 10 11 1 6 11 36 11 15 17 3 1 4 2 3 7 9 3 3 5 0 2 0 4
"SYMPTH" 38 14 15 41 37 53 58 23 46 56 14 5 28 45 28 59 48 72 33 32 11 5 37 59 75 47 20 8 40 40 24 13 30 47 35 33 21 23 35 48 17 29 40 54 50 20 30 46 75 14 16 27 64 49 26 8 57 61 32 37 12 17 34 37 16 22 55 69 39 69 10 12 30 67 33 47 48 56 38 105 8 35 40 29 44 38 32 23 27 17 1 26 47 64 21 34 17 20 26 19
"ENGERO" 26 26 17 89 79 106 139 59 122 150 27 0 42 59 80 136 108 135 61 124 20 11 51 96 145 161 36 23 74 77 58 5 69 89 107 58 38 72 98 155 44 8 95 66 63 33 61 49 222 74 41 24 43 55 54 39 103 159 88 183 16 48 83 115 71 29 102 189 110 184 11 17 52 184 78 143 164 126 115 174 4 86 90 88 117 141 89 84 67 35 6 148 376 161 243 89 52 42 65 37
"OSMAMA" 1 1 0 0 2 1 3 0 27 11 1 0 0 0 2 0 2 6 7 2 0 0 0 0 1 0 2 2 12 4 0 0 0 0 1 0 0 10 4 2 3 1 1 0 1 2 0 10 3 0 2 7 3 2 0 0 0 3 0 2 0 4 3 4 2 0 2 7 4 7 1 4 3 5 2 1 1 8 25 2 0 8 2 5 6 1 3 1 7 0 2 10 9 9 15 11 2 3 1 1
"RHODLE" 12 0 0 0 0 0 0 0 0 0 0 0 0 0 0 0 0 3 2 1 0 0 0 0 0 0 0 0 1 2 0 0 1 2 0 2 0 0 0 2 0 0 2 11 7 0 5 2 1 0 0 4 14 4 1 0 1 0 0 0 0 2 3 0 0 0 0 0 1 3 0 0 0 0 0 0 0 0 0 0 0 0 0 0 0 0 0 0 0 1 0 0 0 0 0 0 0 0 0 0
"CRYPCH" 9 0 0 5 5 0 2 1 1 5 0 0 4 0 0 1 1 0 2 2 0 0 0 3 3 1 0 0 3 1 1 3 0 1 0 1 1 0 3 2 2 0 3 2 2 2 8 6 5 1 6 0 5 5 0 1 3 15 4 1 0 3 3 7 5 5 5 8 7 12 0 4 5 8 3 2 8 17 13 13 1 3 1 2 4 2 3 3 3 3 0 4 4 5 3 4 2 2 1 0
"CYATPO" 149 22 8 19 44 36 93 27 23 46 26 3 12 63 52 38 89 46 27 39 8 4 22 47 44 59 66 4 22 34 14 7 46 79 40 98 11 21 20 17 16 32 74 20 121 25 12 13 41 18 12 61 22 33 46 1 22 31 21 23 5 13 28 27 18 27 31 32 24 28 2 4 27 32 40 43 29 31 24 35 0 10 20 24 23 31 12 10 11 7 0 15 15 24 21 18 7 10 4 4
"ARCHLU" 20 1 0 0 0 2 0 0 0 6 1 0 0 1 1 0 0 1 5 0 0 0 0 0 0 0 0 0 0 0 0 0 0 0 0 0 0 0 0 0 0 0 0 0 0 0 0 0 0 0 0 1 0 0 0 0 0 0 0 0 0 0 0 1 0 0 0 0 0 0 0 0 0 0 0 7 0 0 0 0 0 0 0 0 0 0 0 0 0 0 0 0 0 0 0 0 0 0 0 0
"RHUSSU" 8 1 2 1 1 0 2 0 0 1 4 5 4 0 2 0 0 0 0 1 2 0 1 0 0 0 2 0 1 2 0 0 2 1 0 0 2 0 1 1 0 2 1 1 5 2 2 1 3 0 4 3 4 4 0 2 1 1 0 0 2 5 3 0 1 1 0 1 1 0 2 1 0 0 2 1 1 1 1 0 2 0 0 0 3 2 0 1 1 4 0 1 0 0 1 1 2 2 2 0
"CINNSU" 14 0 0 4 6 15 14 3 1 3 2 0 0 6 1 7 15 28 5 11 1 0 1 12 10 25 2 0 6 12 1 0 1 19 22 6 0 2 5 5 1 1 15 18 23 1 7 12 26 4 1 3 23 23 9 0 6 8 11 4 2 0 2 8 2 1 12 17 5 18 0 0 2 13 4 11 12 3 9 27 0 5 4 5 8 10 2 2 2 0 0 1 16 18 4 3 0 0 2 0
"ARDIQU" 18 2 4 12 28 13 16 15 19 17 3 0 6 16 20 19 27 56 16 12 1 0 12 52 24 49 9 1 14 53 5 4 16 72 38 15 0 19 8 10 2 2 23 88 13 15 19 26 38 1 1 4 41 43 15 1 46 26 21 9 0 3 6 12 4 3 54 51 9 30 1 0 0 12 3 6 60 20 21 93 4 4 8 2 4 1 6 11 9 7 0 2 12 6 4 6 0 4 9 5
"CLEYJA" 24 13 2 3 5 5 21 2 2 1 14 10 9 7 7 9 13 14 6 1 8 9 7 27 14 37 9 0 1 1 13 14 19 42 59 30 1 0 2 4 23 11 54 77 58 17 6 3 5 1 35 44 83 68 28 12 9 6 3 3 10 22 28 13 16 12 4 5 2 6 11 16 24 22 23 21 9 7 7 10 8 15 27 33 27 15 11 10 8 2 3 28 37 35 21 14 8 1 4 4
"EURYLO" 8 9 15 25 34 7 11 19 29 37 18 16 44 18 15 16 32 39 9 12 6 9 59 68 33 31 17 5 32 4 16 15 51 30 74 8 3 19 13 37 20 24 23 30 15 18 10 13 14 3 18 19 23 24 33 15 25 19 4 18 24 24 10 16 10 10 11 25 8 16 10 12 8 16 12 14 25 20 8 21 13 17 10 14 13 16 11 3 10 13 5 13 5 12 4 15 6 15 23 11
"LASIFO" 13 5 14 19 10 4 4 16 23 22 3 3 9 8 9 8 14 12 12 14 1 0 2 10 8 5 21 3 16 12 6 1 3 5 5 15 5 7 18 13 2 5 4 1 3 13 6 10 1 10 1 2 0 2 4 4 4 5 12 12 3 3 0 0 3 1 2 6 2 5 1 1 0 2 2 5 6 4 3 3 0 6 0 0 1 3 3 6 2 4 0 6 3 4 1 2 3 7 3 7
"CINNMI" 2 3 0 2 1 1 7 7 6 12 5 1 3 2 2 6 9 10 2 9 1 0 5 8 8 3 4 1 5 8 2 0 4 6 2 1 2 4 6 3 0 2 3 1 6 8 3 5 6 4 4 2 0 5 14 5 8 5 3 4 0 1 4 3 2 4 6 8 7 8 0 1 0 3 1 4 2 10 5 16 1 0 3 5 2 3 6 3 1 2 3 2 6 3 5 4 4 1 2 2
"SCHEOC" 29 24 23 38 21 25 63 40 23 23 32 23 38 32 21 18 34 86 43 50 24 23 36 43 20 26 24 23 38 76 20 19 33 32 17 33 13 42 72 37 18 19 31 14 15 28 28 35 53 32 12 18 5 12 24 18 41 50 18 37 7 15 4 10 15 12 21 26 26 23 16 11 8 13 10 11 19 28 28 21 10 11 16 11 20 8 15 18 27 23 11 15 8 5 5 8 7 21 24 22
"ILEXPU" 4 9 0 2 0 6 14 3 2 5 9 2 1 1 6 2 9 19 6 7 0 2 4 4 4 14 1 4 4 10 2 1 8 7 6 5 1 2 0 5 2 5 6 10 4 2 2 3 3 1 3 6 12 21 5 2 0 0 1 0 2 4 6 6 2 2 0 1 1 1 1 4 11 9 3 1 0 1 1 1 2 4 18 9 9 2 0 0 1 2 0 7 13 16 4 4 0 1 0 0
"MACHMU" 3 11 19 26 13 17 31 9 7 8 19 12 30 31 21 20 16 19 7 4 16 12 37 11 21 23 26 2 15 14 16 19 28 20 7 14 18 15 29 12 17 26 18 11 5 18 10 41 26 9 15 18 1 15 43 32 29 41 17 25 16 14 20 26 32 20 39 32 26 41 13 11 16 21 27 25 38 39 42 35 12 50 22 35 31 39 36 37 41 31 13 24 32 47 54 39 59 38 40 32
"MALLJA" 0 2 0 0 0 0 0 0 0 0 0 1 0 0 0 0 0 0 0 0 0 1 0 0 0 0 0 0 0 0 0 4 0 0 0 0 0 0 0 0 0 1 0 0 0 0 0 0 1 0 0 1 0 1 0 0 0 0 0 1 0 0 0 0 0 0 0 0 1 0 0 0 0 0 0 0 0 0 0 0 0 0 1 0 0 0 0 0 1 0 4 0 0 0 0 0 0 0 0 0
"MAESJA" 2 2 1 0 1 6 0 0 0 1 0 0 0 0 1 0 0 0 0 0 2 0 0 0 0 1 1 0 0 0 3 2 0 2 0 0 0 0 0 0 0 0 0 1 0 0 1 1 0 0 0 0 1 0 0 0 2 0 1 0 0 0 1 0 0 0 1 0 0 0 0 1 0 0 0 0 0 0 0 1 0 1 1 0 0 3 0 0 2 0 0 0 0 1 0 1 1 1 5 3
"FICUER" 0 18 5 1 0 0 1 1 2 2 10 18 2 1 0 0 0 2 0 2 4 6 4 1 0 1 1 0 0 1 10 9 0 0 0 1 1 0 1 3 2 8 0 0 0 2 1 0 0 0 4 0 0 0 0 2 0 0 0 2 10 2 0 0 0 1 1 1 0 0 0 4 0 0 0 0 0 0 0 0 5 1 2 0 0 0 1 1 1 0 3 0 0 0 0 0 0 0 0 0
"SAURTR" 1 11 13 9 3 4 2 42 21 30 8 17 20 7 0 3 0 15 24 28 24 2 10 1 0 0 24 36 10 25 12 8 4 0 0 2 15 2 5 10 7 9 1 0 0 1 8 13 7 20 4 4 0 1 4 5 11 4 4 31 2 4 0 0 1 1 2 1 5 11 0 6 0 0 2 0 0 2 2 1 0 2 3 7 3 0 6 2 6 14 4 0 0 2 1 5 2 4 7 1
"ERIODE" 0 1 0 0 0 0 0 0 0 0 0 0 0 0 0 0 0 0 0 0 0 0 0 0 0 0 0 0 0 0 0 0 1 0 0 0 0 1 0 0 0 0 0 0 0 0 0 0 0 0 0 0 0 0 0 0 0 0 0 0 0 1 0 0 0 0 0 0 0 0 0 0 0 0 0 0 0 0 0 0 0 0 0 0 0 0 0 0 0 0 0 0 0 0 0 0 0 0 0 0
"CALLTI" 0 2 1 0 0 0 0 0 0 0 0 1 0 1 0 0 0 2 0 0 1 2 0 0 0 0 0 0 0 0 2 4 0 0 0 0 0 0 1 2 1 0 0 0 0 0 3 1 0 0 0 0 0 0 0 1 1 0 0 1 0 1 0 0 0 2 0 0 6 2 0 0 1 0 1 1 0 0 0 1 1 0 1 0 0 0 2 3 0 3 3 0 0 1 0 2 0 1 4 2
"OREOPE" 0 3 5 0 0 0 0 7 1 6 2 2 2 0 0 0 0 0 1 3 7 1 1 0 0 0 0 4 0 2 3 3 0 0 0 0 1 1 0 0 0 0 0 0 0 1 1 1 0 0 0 0 0 0 0 1 2 0 0 3 0 0 1 0 0 1 0 0 0 0 0 0 0 0 0 0 0 0 0 0 0 0 0 0 0 0 0 0 2 0 2 0 0 0 0 0 0 0 0 0
"ARALDE" 0 2 2 0 0 0 0 1 0 0 1 2 1 1 0 0 0 0 0 0 5 5 0 0 0 0 0 0 0 0 3 0 0 0 0 0 0 0 0 0 0 0 0 0 0 0 4 3 0 0 0 0 0 1 1 1 0 0 0 1 0 0 0 0 0 0 0 0 0 0 0 3 0 0 1 0 0 0 0 0 0 0 1 0 0 0 0 2 0 1 21 0 0 0 1 0 0 0 5 0
"CALLKO" 1 1 4 4 1 1 4 0 0 0 0 4 1 5 1 2 0 1 0 2 5 4 4 6 6 0 2 5 0 0 2 2 3 8 0 1 3 2 1 1 2 3 0 0 0 4 9 3 3 4 0 7 0 1 12 2 9 1 2 8 3 1 8 3 0 2 11 5 8 22 2 1 0 0 2 3 1 1 11 1 1 0 7 1 1 5 4 3 15 2 17 0 2 2 0 2 7 4 18 4
"MAESPE" 0 5 6 5 2 4 6 9 7 12 0 5 6 7 1 1 3 6 7 7 3 2 9 0 1 0 10 14 2 7 3 2 1 2 0 1 12 5 19 7 0 1 0 0 0 0 8 4 3 6 0 2 0 0 2 0 2 0 0 20 2 0 0 1 0 1 3 0 11 19 0 0 0 0 0 0 0 1 1 5 0 0 2 0 0 0 0 6 10 18 9 0 0 0 0 1 1 3 29 7
"CYATSP" 1 4 5 2 0 0 0 1 6 1 0 4 1 3 1 0 0 2 1 0 3 0 0 0 0 1 11 14 1 4 8 2 0 0 0 0 5 3 2 2 1 5 1 0 0 3 4 5 2 4 0 1 0 0 0 0 3 0 1 3 0 0 0 0 0 0 5 5 2 0 1 1 1 0 0 0 0 0 0 1 1 0 1 1 0 0 1 0 0 2 10 0 0 0 0 0 2 1 0 1
"ILEXFI" 7 2 0 3 9 0 1 2 6 7 4 3 6 1 2 1 5 16 2 4 2 2 1 9 4 0 2 0 3 4 7 6 13 17 9 1 0 3 0 2 6 11 11 19 2 2 3 6 3 0 4 10 24 24 6 3 26 16 3 1 0 7 13 17 7 3 5 15 4 2 2 4 13 13 4 3 2 10 5 1 0 4 5 11 12 5 2 2 2 0 1 4 4 8 3 3 0 1 3 0
"MACHZU" 5 2 2 5 5 3 7 8 6 19 4 2 6 1 1 0 4 5 0 4 2 5 0 6 11 1 1 0 2 6 2 7 2 7 5 2 2 2 5 6 1 3 1 9 3 4 2 3 7 4 3 6 4 8 9 5 2 3 6 1 5 4 2 10 6 5 11 10 6 5 4 4 13 9 1 10 15 10 4 5 13 10 9 14 18 18 12 7 5 2 2 3 17 23 16 9 7 3 12 1
"ADINFO" 5 3 0 2 3 2 6 3 7 20 11 4 3 4 1 6 3 13 2 6 0 1 5 16 8 15 4 3 3 4 4 8 13 15 11 8 3 2 7 10 3 3 11 15 11 9 3 4 9 9 0 9 6 7 10 10 3 1 3 9 1 3 3 10 6 8 9 4 3 15 2 2 10 7 7 1 9 6 5 4 0 3 6 5 6 10 3 1 3 0 0 0 1 6 2 5 2 1 5 3
"TRICDU" 7 3 2 11 13 15 13 2 0 12 2 0 2 6 17 11 12 10 7 4 4 2 6 16 24 37 5 3 4 1 9 1 5 12 24 14 3 10 6 8 5 16 20 23 21 3 12 10 11 4 4 22 22 24 21 7 17 17 5 8 1 5 7 21 13 10 11 21 9 20 2 3 14 22 8 11 19 26 20 34 0 7 21 22 20 12 20 14 12 7 1 15 16 19 23 13 7 8 6 1
"LASIAP" 5 1 3 2 4 2 1 4 2 5 0 0 2 2 1 1 6 13 1 2 0 0 3 0 1 4 2 0 9 4 0 0 3 3 4 6 0 3 6 3 0 1 6 0 1 2 2 5 2 1 0 7 1 0 3 0 1 3 3 3 1 2 0 2 2 3 1 3 0 1 1 3 1 7 3 6 1 2 0 4 0 4 5 4 8 1 2 3 0 0 0 11 9 9 1 5 1 1 3 0
"CINNAU" 7 1 1 0 1 2 5 1 2 3 0 0 1 1 2 2 8 11 2 2 0 0 2 5 4 8 0 0 1 2 1 0 2 11 10 3 0 1 1 1 6 2 15 9 12 1 2 3 0 0 2 4 19 12 6 0 2 6 2 3 0 4 6 6 2 0 6 13 2 9 0 0 4 10 2 10 9 6 10 19 2 2 9 11 12 18 8 6 2 1 0 10 27 25 16 6 3 2 0 1
"MELACA" 0 0 2 1 7 27 35 6 5 4 1 0 8 6 8 3 9 2 0 3 1 0 2 5 8 12 25 6 0 5 4 1 2 9 1 6 16 22 8 5 1 2 2 1 2 1 3 7 20 26 0 0 1 3 4 1 5 1 17 47 0 1 1 2 1 2 19 18 20 33 0 0 0 0 0 1 2 5 5 7 0 2 7 2 1 0 0 15 2 4 1 1 1 0 3 6 8 9 17 11
"VIBUFO" 0 3 0 0 0 1 0 0 0 1 0 0 0 1 0 0 0 0 0 0 0 4 0 0 0 0 0 0 0 0 0 0 0 0 0 0 0 0 0 0 0 1 0 0 0 0 0 0 0 0 1 0 0 0 1 0 0 1 0 0 1 0 0 0 0 0 0 1 0 0 0 0 0 0 0 0 0 0 0 0 0 0 0 0 2 0 1 0 0 0 0 0 1 2 0 2 0 0 0 0
"GORDAX" 1 0 0 0 0 0 1 1 0 0 0 0 0 1 0 1 0 3 0 1 0 1 0 3 0 1 0 0 0 1 0 0 1 3 3 0 0 0 0 0 0 0 0 8 4 0 1 0 0 0 0 6 7 4 1 0 0 0 0 0 0 0 0 0 0 0 0 2 0 0 0 0 0 0 0 1 0 0 0 0 1 0 2 2 1 1 0 0 0 0 0 0 0 0 0 1 1 0 0 0
"WENDFO" 5 1 1 1 2 0 21 24 6 41 1 0 3 0 0 1 6 9 2 5 0 0 0 2 2 2 2 2 1 18 0 0 0 1 1 2 1 0 0 1 0 0 5 2 0 1 1 0 1 0 1 0 0 1 0 1 0 0 0 0 1 4 0 0 1 0 0 2 1 3 0 0 1 0 0 0 0 0 0 0 0 0 0 0 0 0 0 0 0 0 0 0 0 0 0 0 0 0 1 0
"MALLPA" 0 0 0 0 0 0 1 1 1 3 0 0 0 1 0 0 0 0 0 0 0 0 0 0 1 0 0 0 0 1 0 0 0 0 0 0 0 0 0 1 0 0 0 0 1 0 0 0 1 1 0 1 0 0 0 0 0 0 0 2 0 0 0 0 0 0 0 0 2 2 0 0 0 0 0 0 0 0 2 2 0 0 0 0 0 0 0 0 1 0 0 0 0 0 0 0 0 0 0 1
"PERRAR" 0 0 0 0 0 0 0 3 0 1 0 0 0 0 0 0 0 0 0 0 0 0 0 0 0 0 0 0 0 1 0 0 0 0 0 0 0 0 0 0 0 0 0 0 0 0 0 0 0 0 0 0 0 0 0 0 1 0 0 1 0 0 0 0 0 0 0 0 0 0 0 0 0 0 0 0 0 0 0 0 0 0 0 0 0 0 0 0 0 4 0 0 0 0 0 0 0 0 0 0
"LASIMI" 0 2 0 2 4 2 1 5 2 2 0 2 5 0 0 0 0 0 0 1 0 1 0 0 0 0 2 7 1 0 1 0 0 0 3 2 3 3 3 1 0 1 0 0 0 0 1 2 0 4 0 0 0 0 1 0 0 0 0 1 1 0 0 0 0 1 0 1 0 2 0 1 0 0 0 0 0 1 1 2 0 2 0 0 0 0 1 1 3 2 0 3 0 0 0 1 8 1 6 4
"CYCLGI" 0 2 6 4 0 0 2 4 3 3 4 4 7 3 1 3 4 7 1 2 1 3 10 5 2 0 0 4 3 2 4 12 6 4 2 2 1 3 1 2 4 5 3 3 3 1 2 4 2 2 3 1 1 5 0 0 0 1 1 4 0 5 8 2 2 2 3 4 3 6 0 2 5 6 0 5 3 7 5 4 1 1 2 3 3 1 4 2 7 1 1 4 2 1 2 3 0 0 4 1
"LAGESU" 0 8 1 0 0 0 0 2 2 1 0 6 2 0 0 0 0 0 1 1 2 1 0 0 0 0 0 3 2 1 1 6 0 0 0 0 6 1 0 2 0 3 0 1 0 3 2 2 0 3 2 0 0 0 0 1 1 0 0 0 2 3 0 0 0 3 0 0 0 0 2 10 0 0 0 0 0 0 0 0 0 0 7 2 4 0 5 0 7 9 9 7 3 2 2 12 4 0 2 5
"TURPFO" 0 0 0 0 0 0 0 2 1 4 0 2 1 0 0 0 0 0 0 2 0 1 0 0 0 0 0 0 0 0 1 0 0 1 0 0 0 0 0 0 0 0 0 0 0 0 0 0 0 0 0 0 0 0 0 0 0 0 0 0 0 0 0 0 0 0 0 0 0 0 0 0 0 0 0 0 0 0 0 0 0 0 0 0 0 0 0 0 0 0 0 0 0 0 0 0 0 0 0 0
"ITEAPA" 3 0 1 2 3 0 0 1 6 8 1 1 13 4 21 10 4 10 3 4 7 12 14 5 6 9 5 6 0 0 12 3 3 6 0 2 0 2 0 1 4 0 2 2 2 0 0 2 5 4 0 1 1 1 1 0 0 0 2 4 0 2 0 2 3 1 0 0 4 10 2 1 0 0 1 0 1 11 5 2 8 3 0 0 2 0 16 23 7 1 25 3 2 3 0 18 8 3 1 1
"SYMPWI" 7 0 0 0 0 4 3 0 0 0 0 0 0 0 0 1 6 1 0 0 0 0 0 0 1 14 0 0 0 0 0 0 0 2 7 1 0 0 0 0 0 1 7 8 3 0 0 0 0 0 0 4 11 6 1 0 0 0 0 0 0 0 0 0 0 0 0 0 0 0 0 0 0 0 0 0 0 0 0 0 0 0 1 0 0 0 0 1 0 0 0 0 0 0 0 0 0 0 0 0
"ELAESY" 3 1 0 0 0 11 6 1 0 3 0 1 0 1 4 6 5 3 0 3 0 0 1 0 4 2 0 1 4 3 1 0 0 34 8 2 0 0 1 0 0 2 10 18 17 0 0 1 0 0 1 3 9 7 1 0 4 4 7 1 1 3 8 14 11 2 6 8 5 3 0 11 8 9 12 18 5 12 5 2 0 7 35 63 57 9 14 8 2 2 0 5 24 16 10 5 1 1 1 0
"SYMPHE" 3 0 0 0 0 0 1 0 0 1 0 0 0 0 0 0 4 1 0 0 0 0 0 0 1 2 1 0 0 0 0 0 0 0 1 1 0 0 0 1 0 0 1 3 0 0 0 1 1 0 0 0 5 1 0 0 0 0 0 0 0 0 0 0 0 0 0 1 0 0 0 0 0 0 0 0 0 0 0 1 0 0 0 0 1 0 0 0 0 0 0 0 0 2 1 0 0 0 0 0
"ILEXLO" 1 0 0 0 0 0 0 0 0 0 0 0 0 0 0 0 0 0 0 0 0 0 0 0 0 0 0 0 0 0 0 1 0 0 0 0 0 0 0 0 0 0 0 1 0 0 0 0 0 0 0 0 0 0 0 0 0 0 0 0 0 0 0 0 0 0 0 0 0 0 0 0 0 0 0 0 0 0 0 0 0 0 0 0 0 0 0 0 0 0 0 0 0 0 0 0 0 0 0 0
"CYCLSE" 3 1 0 0 1 0 0 1 0 0 0 0 5 0 3 4 3 1 0 0 0 2 3 15 13 15 1 0 1 0 5 2 2 22 16 1 1 0 1 0 7 2 9 12 14 1 1 6 2 1 1 8 59 20 21 0 3 4 0 0 0 4 14 5 6 0 5 3 0 0 0 1 2 2 3 5 12 1 0 0 1 1 0 4 2 1 4 3 0 0 0 2 0 3 6 2 0 0 1 0
"ARDIVI" 0 4 10 1 0 0 0 0 1 1 1 12 9 0 0 0 0 1 2 0 3 10 12 0 0 0 1 2 1 2 3 14 5 0 0 1 10 1 0 6 1 1 0 0 0 0 7 0 0 2 1 0 0 0 0 4 6 0 0 0 1 2 0 1 0 7 1 0 2 1 1 2 0 0 0 0 0 2 1 0 1 1 3 0 0 0 1 4 5 4 4 0 0 0 0 0 4 1 3 6
"FICUFO" 0 0 0 0 1 0 0 0 1 3 1 0 1 0 0 0 0 0 0 0 0 0 0 0 0 0 0 0 1 0 1 3 0 0 0 0 0 0 3 0 1 1 0 0 0 0 0 0 0 0 1 0 0 0 0 0 0 0 1 0 2 0 0 0 1 0 0 0 0 0 2 1 0 0 0 0 0 0 0 0 1 2 0 1 1 0 0 2 0 1 1 0 0 0 0 0 0 0 0 1
"MACHJA" 0 0 1 0 0 0 0 5 4 2 0 0 2 0 0 0 0 0 0 0 1 2 0 0 0 0 0 1 0 2 0 2 0 0 0 0 1 0 0 0 0 0 0 0 0 0 2 0 0 0 0 0 0 1 1 0 0 0 0 0 0 0 0 0 0 1 0 0 0 0 0 0 0 0 0 0 0 1 1 0 1 0 0 0 0 0 0 0 5 4 0 1 1 0 0 0 1 1 0 1
"EHRELO" 0 0 0 0 0 0 0 0 1 2 0 0 0 0 0 0 0 0 0 0 0 0 0 1 0 0 0 0 0 0 0 0 0 0 0 0 0 0 0 0 0 0 0 0 0 0 0 0 0 0 0 0 0 0 0 0 0 0 1 0 0 0 0 0 0 0 0 0 0 0 0 0 0 0 0 0 0 0 0 0 0 0 0 0 0 0 0 0 0 0 0 0 0 0 0 0 0 0 0 0
"FICUSU" 0 0 0 1 0 0 0 0 0 1 0 0 0 0 0 1 0 0 0 0 0 0 0 0 0 0 1 0 0 0 0 0 0 0 0 0 0 0 0 0 0 0 0 0 0 0 0 0 0 1 1 0 0 0 0 0 0 0 1 1 0 0 0 0 0 0 0 0 1 1 0 0 0 0 0 1 0 0 1 0 0 0 0 0 0 0 0 1 0 0 0 0 0 0 0 0 0 0 1 0
"SYZYBU" 4 0 0 0 0 0 0 0 0 0 0 0 0 0 0 0 0 0 0 1 0 0 0 3 1 0 0 0 1 1 0 0 0 10 10 0 0 0 0 0 0 1 10 83 19 1 1 1 0 0 0 9 122 67 4 0 1 2 0 0 0 2 4 5 0 0 2 5 0 1 0 0 0 5 0 4 4 0 4 9 0 2 5 1 2 3 1 0 1 0 0 1 4 2 2 0 0 0 0 0
"SYMPSO" 2 0 0 1 0 0 0 0 0 0 0 0 0 0 0 1 0 0 0 1 0 0 2 3 2 3 0 0 0 4 1 0 2 1 5 3 1 0 0 0 1 0 3 4 3 2 0 3 1 0 0 2 4 1 1 0 1 1 0 0 0 1 4 1 0 0 2 3 1 0 0 0 2 1 0 1 2 1 0 1 0 1 3 0 5 4 1 1 0 0 0 1 7 5 1 2 0 0 0 0
"ARDICO" 0 0 0 1 0 0 6 0 0 0 0 0 0 0 0 0 0 1 0 0 0 0 0 0 6 0 0 0 0 0 0 0 0 0 0 0 0 0 1 0 0 0 0 0 0 0 0 0 0 0 0 0 0 0 0 0 3 1 3 0 0 0 0 0 0 1 0 6 0 0 0 0 2 0 0 0 0 0 0 1 0 0 2 0 0 1 0 0 3 0 0 3 9 4 0 0 0 0 0 0
"CYATLE" 0 0 0 0 0 0 0 0 0 1 0 0 0 1 0 0 0 0 0 0 0 0 0 0 0 0 0 0 0 1 0 1 0 0 0 0 1 0 0 0 0 0 0 0 0 0 0 0 0 0 0 0 0 0 0 0 0 0 0 1 0 0 0 0 0 0 0 0 0 0 0 0 0 0 0 0 0 0 0 1 0 0 0 0 0 0 0 0 0 0 0 0 0 0 0 0 0 0 0 1
"HYDRCH" 0 0 0 0 0 0 0 0 0 1 0 0 0 0 0 0 0 0 0 0 0 0 0 0 0 0 0 0 0 0 0 0 0 0 0 0 0 0 0 0 0 0 0 0 0 0 0 0 0 0 0 0 0 0 0 0 0 0 0 0 0 0 0 0 0 0 0 0 0 0 0 0 0 0 1 0 0 0 0 0 0 0 0 0 0 0 0 0 0 0 0 0 0 0 0 0 0 0 0 0
"LASIWA" 0 0 0 0 0 0 0 0 0 1 0 0 0 0 1 0 0 0 0 0 0 0 0 0 0 0 0 0 0 0 0 0 0 0 0 0 0 0 0 0 0 0 0 0 0 0 0 0 0 0 0 0 0 0 0 0 0 0 1 0 0 0 0 0 0 0 0 0 0 0 0 0 0 0 0 0 0 0 0 0 0 0 0 0 0 0 0 0 0 0 0 0 0 0 0 0 0 0 0 0
"LINDCO" 0 1 0 0 0 0 0 0 1 2 3 7 3 0 0 0 1 0 1 3 2 10 2 0 1 0 0 1 5 1 4 5 0 0 0 0 2 3 1 4 3 0 0 0 0 2 2 8 1 1 2 0 0 0 0 1 1 2 2 0 0 1 0 3 2 4 2 0 2 6 0 1 3 2 2 2 4 3 6 3 0 1 5 6 3 7 2 1 5 6 0 2 4 2 7 6 4 3 3 2
"SYMPSE" 0 0 0 1 0 0 0 0 0 0 0 0 0 1 0 2 0 0 0 2 0 0 0 1 0 0 0 2 1 2 0 0 0 2 2 0 0 0 0 1 0 1 4 7 0 0 1 0 0 0 0 0 6 5 0 0 0 2 2 1 0 1 0 1 1 2 1 1 1 8 0 1 0 4 0 2 2 2 3 6 0 0 0 0 3 1 1 0 0 0 0 0 0 5 1 0 1 0 0 0
"LASICU" 0 0 0 0 0 0 1 0 1 0 0 0 0 0 0 0 1 0 0 0 0 0 0 0 0 0 0 0 0 0 0 0 0 0 0 0 0 0 0 0 0 0 0 0 0 0 0 0 0 0 0 0 0 0 0 0 0 0 0 0 0 0 0 0 0 0 0 0 0 0 0 0 0 0 0 0 0 0 0 0 0 0 0 0 0 0 0 0 0 0 0 0 0 0 0 0 0 0 0 0
"MYRIRU" 0 0 0 0 0 0 1 0 0 0 0 0 0 0 0 1 1 0 0 0 0 0 0 1 0 0 0 0 0 2 0 0 0 0 1 0 0 0 0 1 0 0 1 5 4 1 0 0 0 0 0 0 3 3 5 0 0 0 0 2 0 0 0 0 0 0 1 0 1 0 0 0 0 1 0 0 0 0 0 0 0 0 0 0 1 0 0 0 0 0 0 0 0 0 0 0 0 0 0 0
"ALNIPT" 0 0 0 0 0 0 0 0 0 0 0 0 1 0 0 0 0 0 0 0 0 0 0 0 0 0 0 0 0 0 0 0 0 0 0 0 0 0 0 0 0 0 0 0 0 0 0 0 0 0 0 0 0 0 0 0 0 1 0 0 0 0 0 0 0 0 0 0 0 0 0 0 0 1 0 0 0 0 0 0 0 0 0 0 0 0 0 0 0 0 0 0 0 0 0 0 0 0 0 0
"ARDISI" 0 0 0 0 0 0 0 0 0 0 0 0 0 0 0 1 0 0 0 0 0 0 0 0 0 0 0 0 0 0 0 0 0 0 0 0 0 0 0 1 0 0 0 0 0 0 0 2 1 0 0 0 0 0 0 0 0 0 0 0 0 0 1 0 0 0 2 0 0 0 0 0 0 0 0 0 0 0 0 0 0 0 0 0 0 0 0 0 0 0 0 0 0 0 0 0 0 0 0 0
"PASAHN" 0 0 0 0 0 0 0 0 0 0 0 0 0 0 0 0 0 0 0 1 0 0 0 0 0 0 0 0 0 0 0 0 0 2 0 0 0 0 0 0 0 0 0 0 0 1 2 0 0 0 1 1 0 0 0 0 0 9 8 1 0 1 0 0 0 0 1 9 14 0 3 1 0 0 0 0 0 3 4 5 24 8 1 0 0 0 0 1 0 1 8 3 3 1 2 7 3 2 2 0
"ILEXGO" 0 0 0 0 0 0 0 0 0 0 0 0 0 0 0 0 1 0 0 0 0 0 0 0 0 0 0 0 0 0 0 0 0 2 1 0 0 0 0 0 0 0 1 5 0 0 0 0 0 0 0 4 28 9 1 0 0 0 0 0 0 0 0 0 0 0 1 0 0 0 0 0 1 3 0 0 0 0 1 0 0 0 0 3 0 0 0 0 0 0 0 0 0 1 0 1 0 0 0 0
"SYMPCA" 0 0 0 0 0 0 0 0 0 0 0 0 0 0 0 0 0 0 0 0 0 0 0 1 0 0 0 0 0 0 0 0 0 0 1 0 0 0 0 0 0 0 0 1 1 0 0 0 0 0 0 0 3 2 0 0 0 0 0 0 1 0 0 0 0 0 1 2 0 5 0 0 0 0 0 1 0 1 0 0 0 1 2 1 2 1 1 0 0 0 0 1 1 7 1 0 2 0 0 0
"TETRGL" 0 0 0 0 0 0 0 0 0 0 0 0 0 0 0 0 0 0 0 0 0 0 0 0 1 0 0 0 0 0 0 0 0 0 0 0 0 0 0 0 0 0 0 0 0 0 0 0 0 0 0 0 0 0 0 0 0 0 0 0 0 0 0 0 0 0 0 0 0 0 0 1 0 0 0 0 0 0 0 0 0 0 0 0 0 0 0 0 0 0 0 0 0 0 0 0 0 1 0 2
"ILEXUR" 0 0 0 0 0 0 0 0 0 0 0 0 0 0 0 0 0 0 0 0 0 0 0 0 0 0 0 0 0 0 2 0 0 0 0 0 0 0 0 0 0 1 0 0 0 0 0 0 0 0 0 0 0 0 0 0 0 0 0 0 0 0 0 0 0 0 0 0 0 0 0 0 0 0 0 0 0 0 0 0 0 0 0 0 0 0 0 0 0 0 0 0 0 0 0 0 0 0 0 0
"CALLFO" 0 0 0 0 0 0 0 0 0 0 0 0 0 0 0 0 0 0 0 0 0 0 0 0 0 0 0 0 0 0 0 0 0 0 0 0 0 0 0 0 0 0 0 0 0 0 1 0 0 0 0 0 0 0 0 0 0 0 0 0 0 0 0 0 0 0 0 0 1 0 0 0 0 0 0 0 0 0 0 0 0 0 0 0 0 0 0 0 0 0 0 0 0 0 0 0 0 0 0 0
"POURBE" 0 0 0 0 0 0 0 0 0 0 0 0 0 0 0 0 0 0 0 0 0 0 0 0 0 0 0 0 0 0 0 0 0 0 0 0 0 0 0 0 0 0 0 0 0 0 0 0 1 1 0 0 0 0 0 0 0 0 0 0 0 0 0 0 0 1 0 0 0 0 0 0 0 0 0 0 0 0 0 0 0 0 1 1 0 0 0 0 0 0 0 0 0 1 0 0 0 0 0 0
"STYRFO" 0 0 0 0 0 0 0 0 0 0 0 0 0 0 0 0 0 0 0 0 0 0 0 0 0 0 0 0 0 0 0 0 0 0 0 0 0 0 0 0 0 0 0 0 0 0 0 1 0 0 0 0 0 0 0 0 0 0 0 0 0 0 0 0 0 0 0 0 0 1 0 1 0 0 0 0 0 0 0 0 0 0 0 0 0 0 0 0 0 0 0 0 0 0 0 0 0 0 2 0
"ILEXMI" 0 0 0 0 0 0 0 0 0 0 0 0 0 0 0 0 0 0 0 0 0 0 0 0 0 0 0 0 0 0 0 0 0 0 0 0 0 0 0 0 0 0 0 0 0 0 0 0 0 0 0 2 0 0 0 0 0 0 0 0 0 0 0 0 0 0 0 0 0 0 0 0 0 0 0 0 0 0 0 0 0 0 0 0 0 0 0 0 0 0 0 0 0 0 0 0 0 0 0 0
"STYRSU" 0 0 0 0 0 0 0 0 0 0 0 0 0 0 0 0 0 0 0 0 0 0 0 0 0 0 0 0 0 0 0 0 0 0 0 0 0 0 0 0 0 0 0 0 0 0 0 0 0 0 0 0 0 0 0 0 1 0 0 0 0 0 0 0 0 0 0 0 0 0 0 0 0 0 0 0 0 0 0 0 0 0 0 0 0 0 0 0 0 0 0 0 0 0 0 0 0 0 0 0
"CASEME" 0 0 0 0 0 0 0 0 0 0 0 0 0 0 0 0 0 0 0 0 0 0 0 0 0 0 0 0 0 0 0 0 0 0 0 0 0 0 0 0 0 0 0 0 0 0 0 0 0 0 0 0 0 0 0 0 0 0 1 0 0 0 0 0 0 0 0 0 0 0 0 0 0 0 0 0 0 0 0 0 0 0 0 0 0 0 0 0 0 0 0 0 0 0 0 0 0 0 0 0
"NEOLKO" 0 0 0 0 0 0 0 0 0 0 0 0 0 0 0 0 0 0 0 0 0 0 0 0 0 0 0 0 0 0 0 0 0 0 0 0 0 0 0 0 0 0 0 0 0 0 0 0 0 0 0 0 0 0 2 0 0 0 0 0 0 0 0 0 0 1 0 0 0 0 0 0 0 0 0 0 0 0 0 0 0 0 0 0 0 0 0 0 0 0 0 0 0 0 0 0 0 0 0 0
"VACCBR" 0 0 0 0 0 0 0 0 0 0 0 0 0 0 0 0 0 0 0 0 0 0 0 0 0 0 0 0 0 0 0 0 0 0 0 0 0 0 0 0 0 0 0 0 0 0 0 0 0 0 0 0 1 0 0 0 0 0 0 0 0 0 0 0 0 0 0 0 0 0 0 0 0 0 0 0 0 0 0 0 0 0 1 1 0 0 0 0 0 0 0 0 0 0 0 0 0 0 0 0
"ZANTAI" 0 0 0 0 0 0 0 0 0 0 0 0 0 0 0 0 0 0 0 0 0 0 0 0 0 0 0 0 0 0 0 0 0 0 0 0 0 0 0 0 0 0 0 0 0 0 0 0 0 0 0 0 0 0 0 0 0 0 0 0 0 0 0 0 0 0 0 0 0 1 0 0 0 0 0 0 0 0 0 0 0 0 0 0 0 0 0 0 0 0 0 0 0 0 0 0 0 0 0 0
"TREMCA" 0 0 0 0 0 0 0 0 0 0 0 0 0 0 0 0 0 0 0 0 0 0 0 0 0 0 0 0 0 0 0 0 0 0 0 0 0 0 0 0 0 0 0 0 0 0 0 0 0 0 0 0 0 0 0 0 0 0 0 0 0 1 0 0 0 0 0 0 0 0 0 0 0 0 0 0 0 0 0 0 0 0 0 0 0 0 0 0 0 0 0 0 0 0 0 0 0 0 0 0
"MELIRI" 0 0 0 0 0 0 0 0 0 0 0 0 0 0 0 0 0 0 0 0 0 0 0 0 0 0 0 0 0 0 0 0 0 0 0 0 0 0 0 0 0 0 0 0 0 0 0 0 0 0 0 0 0 0 0 0 0 0 0 0 0 0 0 0 0 0 0 0 0 0 0 0 0 0 0 1 0 0 0 0 0 0 0 0 0 0 0 0 0 0 0 0 0 0 0 0 0 0 0 0
"SAPIDI" 0 0 0 0 0 0 0 0 0 0 0 0 0 0 0 0 0 0 0 0 0 0 0 0 0 0 0 0 0 0 0 0 0 0 0 0 0 0 0 0 0 0 0 0 0 0 0 0 0 0 0 0 0 0 0 0 0 0 0 0 0 0 0 0 0 0 0 0 0 0 0 1 0 0 0 0 0 0 0 0 2 0 2 0 0 0 0 0 0 0 0 0 0 0 0 0 0 0 0 0
"ILEXHA" 0 0 0 0 0 0 0 0 0 0 0 0 0 0 0 0 0 0 0 0 0 0 0 0 0 0 0 0 0 0 0 0 0 0 0 0 0 0 0 0 0 0 0 0 0 0 0 0 0 0 0 0 0 0 0 0 0 0 0 0 0 0 0 0 0 0 0 0 0 0 0 0 0 1 0 0 0 0 0 0 0 0 0 1 1 0 0 0 0 0 0 0 0 0 0 0 0 0 0 0
"ARDICR" 0 0 0 0 0 0 0 0 0 0 0 0 0 0 0 0 0 0 0 0 0 0 0 0 0 0 0 0 0 0 0 0 0 0 0 0 0 0 0 0 0 0 0 0 0 0 0 0 0 0 0 0 0 0 0 0 0 0 0 0 0 0 0 0 0 0 0 0 0 0 0 0 0 0 0 0 0 0 0 1 0 0 0 0 0 0 0 0 0 0 0 0 0 0 0 0 0 0 0 0
"NEOLAC" 0 0 0 0 0 0 0 0 0 0 0 0 0 0 0 0 0 0 0 0 0 0 0 0 0 0 0 0 0 0 0 0 0 0 0 0 0 0 0 0 0 0 0 0 0 0 0 0 0 0 0 0 0 0 0 0 0 0 0 0 0 0 0 0 0 0 0 0 0 0 0 0 0 0 0 0 0 0 0 0 0 0 0 0 0 0 1 0 0 2 0 0 0 1 0 0 1 1 0 0
"SYZYFO" 0 0 0 0 0 0 0 0 0 0 0 0 0 0 0 0 0 0 0 0 0 0 0 0 0 0 0 0 0 0 0 0 0 0 0 0 0 0 0 0 0 0 0 0 0 0 0 0 0 0 0 0 0 0 0 0 0 0 0 0 0 0 0 0 0 0 0 0 0 0 0 0 0 0 0 0 0 0 0 0 0 0 0 0 0 0 0 0 0 0 0 0 0 0 1 0 0 0 0 0
